
Método de Euler Explícito: 
x	y
0.000000	0.000000
0.001000	0.000000
0.002000	0.000450
0.003000	0.001348
0.004000	0.002692
0.005000	0.004480
0.006000	0.006708
0.007000	0.009373
0.008000	0.012472
0.009000	0.016000
0.010000	0.019953
0.011000	0.024326
0.012000	0.029114
0.013000	0.034310
0.014000	0.039910
0.015000	0.045907
0.016000	0.052294
0.017000	0.059064
0.018000	0.066209
0.019000	0.073723
0.020000	0.081596
0.021000	0.089821
0.022000	0.098388
0.023000	0.107290
0.024000	0.116516
0.025000	0.126057
0.026000	0.135904
0.027000	0.146045
0.028000	0.156471
0.029000	0.167172
0.030000	0.178135
0.031000	0.189351
0.032000	0.200807
0.033000	0.212492
0.034000	0.224395
0.035000	0.236504
0.036000	0.248805
0.037000	0.261288
0.038000	0.273940
0.039000	0.286748
0.040000	0.299699
0.041000	0.312780
0.042000	0.325979
0.043000	0.339283
0.044000	0.352677
0.045000	0.366150
0.046000	0.379687
0.047000	0.393276
0.048000	0.406903
0.049000	0.420554
0.050000	0.434216
0.051000	0.447876
0.052000	0.461520
0.053000	0.475134
0.054000	0.488706
0.055000	0.502222
0.056000	0.515668
0.057000	0.529032
0.058000	0.542300
0.059000	0.555459
0.060000	0.568496
0.061000	0.581398
0.062000	0.594153
0.063000	0.606747
0.064000	0.619169
0.065000	0.631406
0.066000	0.643447
0.067000	0.655278
0.068000	0.666888
0.069000	0.678267
0.070000	0.689401
0.071000	0.700281
0.072000	0.710896
0.073000	0.721234
0.074000	0.731285
0.075000	0.741040
0.076000	0.750488
0.077000	0.759619
0.078000	0.768426
0.079000	0.776897
0.080000	0.785026
0.081000	0.792803
0.082000	0.800220
0.083000	0.807270
0.084000	0.813945
0.085000	0.820238
0.086000	0.826142
0.087000	0.831652
0.088000	0.836761
0.089000	0.841463
0.090000	0.845753
0.091000	0.849626
0.092000	0.853078
0.093000	0.856105
0.094000	0.858703
0.095000	0.860868
0.096000	0.862597
0.097000	0.863889
0.098000	0.864740
0.099000	0.865149
0.100000	0.865115
0.101000	0.864637
0.102000	0.863713
0.103000	0.862345
0.104000	0.860531
0.105000	0.858273
0.106000	0.855572
0.107000	0.852430
0.108000	0.848847
0.109000	0.844827
0.110000	0.840372
0.111000	0.835484
0.112000	0.830168
0.113000	0.824428
0.114000	0.818267
0.115000	0.811689
0.116000	0.804701
0.117000	0.797307
0.118000	0.789513
0.119000	0.781326
0.120000	0.772750
0.121000	0.763794
0.122000	0.754465
0.123000	0.744769
0.124000	0.734714
0.125000	0.724310
0.126000	0.713564
0.127000	0.702484
0.128000	0.691081
0.129000	0.679362
0.130000	0.667339
0.131000	0.655021
0.132000	0.642417
0.133000	0.629539
0.134000	0.616397
0.135000	0.603002
0.136000	0.589365
0.137000	0.575498
0.138000	0.561411
0.139000	0.547118
0.140000	0.532629
0.141000	0.517958
0.142000	0.503116
0.143000	0.488115
0.144000	0.472969
0.145000	0.457690
0.146000	0.442292
0.147000	0.426786
0.148000	0.411186
0.149000	0.395505
0.150000	0.379757
0.151000	0.363955
0.152000	0.348112
0.153000	0.332242
0.154000	0.316357
0.155000	0.300472
0.156000	0.284600
0.157000	0.268754
0.158000	0.252948
0.159000	0.237194
0.160000	0.221508
0.161000	0.205901
0.162000	0.190387
0.163000	0.174979
0.164000	0.159690
0.165000	0.144533
0.166000	0.129521
0.167000	0.114666
0.168000	0.099981
0.169000	0.085479
0.170000	0.071172
0.171000	0.057071
0.172000	0.043189
0.173000	0.029537
0.174000	0.016127
0.175000	0.002970
0.176000	-0.009923
0.177000	-0.022541
0.178000	-0.034874
0.179000	-0.046911
0.180000	-0.058642
0.181000	-0.070057
0.182000	-0.081148
0.183000	-0.091904
0.184000	-0.102317
0.185000	-0.112379
0.186000	-0.122080
0.187000	-0.131414
0.188000	-0.140371
0.189000	-0.148947
0.190000	-0.157132
0.191000	-0.164921
0.192000	-0.172307
0.193000	-0.179285
0.194000	-0.185848
0.195000	-0.191993
0.196000	-0.197713
0.197000	-0.203005
0.198000	-0.207865
0.199000	-0.212289
0.200000	-0.216273
0.201000	-0.219816
0.202000	-0.222914
0.203000	-0.225565
0.204000	-0.227768
0.205000	-0.229522
0.206000	-0.230825
0.207000	-0.231678
0.208000	-0.232079
0.209000	-0.232031
0.210000	-0.231532
0.211000	-0.230586
0.212000	-0.229192
0.213000	-0.227353
0.214000	-0.225072
0.215000	-0.222351
0.216000	-0.219193
0.217000	-0.215602
0.218000	-0.211582
0.219000	-0.207138
0.220000	-0.202273
0.221000	-0.196993
0.222000	-0.191303
0.223000	-0.185210
0.224000	-0.178719
0.225000	-0.171837
0.226000	-0.164571
0.227000	-0.156928
0.228000	-0.148915
0.229000	-0.140541
0.230000	-0.131814
0.231000	-0.122742
0.232000	-0.113334
0.233000	-0.103599
0.234000	-0.093547
0.235000	-0.083188
0.236000	-0.072530
0.237000	-0.061586
0.238000	-0.050364
0.239000	-0.038877
0.240000	-0.027134
0.241000	-0.015148
0.242000	-0.002929
0.243000	0.009510
0.244000	0.022159
0.245000	0.035004
0.246000	0.048034
0.247000	0.061237
0.248000	0.074599
0.249000	0.088108
0.250000	0.101751
0.251000	0.115516
0.252000	0.129389
0.253000	0.143357
0.254000	0.157407
0.255000	0.171526
0.256000	0.185701
0.257000	0.199917
0.258000	0.214162
0.259000	0.228423
0.260000	0.242684
0.261000	0.256935
0.262000	0.271159
0.263000	0.285346
0.264000	0.299480
0.265000	0.313549
0.266000	0.327539
0.267000	0.341438
0.268000	0.355231
0.269000	0.368907
0.270000	0.382451
0.271000	0.395852
0.272000	0.409097
0.273000	0.422173
0.274000	0.435067
0.275000	0.447768
0.276000	0.460264
0.277000	0.472543
0.278000	0.484592
0.279000	0.496402
0.280000	0.507959
0.281000	0.519254
0.282000	0.530276
0.283000	0.541014
0.284000	0.551458
0.285000	0.561598
0.286000	0.571424
0.287000	0.580927
0.288000	0.590098
0.289000	0.598928
0.290000	0.607408
0.291000	0.615530
0.292000	0.623287
0.293000	0.630670
0.294000	0.637673
0.295000	0.644289
0.296000	0.650511
0.297000	0.656333
0.298000	0.661749
0.299000	0.666754
0.300000	0.671342
0.301000	0.675510
0.302000	0.679253
0.303000	0.682566
0.304000	0.685447
0.305000	0.687892
0.306000	0.689898
0.307000	0.691463
0.308000	0.692586
0.309000	0.693264
0.310000	0.693497
0.311000	0.693283
0.312000	0.692623
0.313000	0.691516
0.314000	0.689963
0.315000	0.687965
0.316000	0.685523
0.317000	0.682638
0.318000	0.679313
0.319000	0.675551
0.320000	0.671354
0.321000	0.666725
0.322000	0.661668
0.323000	0.656187
0.324000	0.650286
0.325000	0.643971
0.326000	0.637247
0.327000	0.630118
0.328000	0.622591
0.329000	0.614672
0.330000	0.606368
0.331000	0.597686
0.332000	0.588633
0.333000	0.579217
0.334000	0.569445
0.335000	0.559326
0.336000	0.548869
0.337000	0.538083
0.338000	0.526976
0.339000	0.515558
0.340000	0.503839
0.341000	0.491830
0.342000	0.479539
0.343000	0.466979
0.344000	0.454160
0.345000	0.441092
0.346000	0.427787
0.347000	0.414257
0.348000	0.400514
0.349000	0.386568
0.350000	0.372433
0.351000	0.358120
0.352000	0.343642
0.353000	0.329012
0.354000	0.314242
0.355000	0.299345
0.356000	0.284333
0.357000	0.269221
0.358000	0.254021
0.359000	0.238746
0.360000	0.223410
0.361000	0.208026
0.362000	0.192607
0.363000	0.177166
0.364000	0.161718
0.365000	0.146276
0.366000	0.130853
0.367000	0.115462
0.368000	0.100117
0.369000	0.084832
0.370000	0.069619
0.371000	0.054492
0.372000	0.039463
0.373000	0.024547
0.374000	0.009756
0.375000	-0.004897
0.376000	-0.019399
0.377000	-0.033738
0.378000	-0.047902
0.379000	-0.061877
0.380000	-0.075652
0.381000	-0.089215
0.382000	-0.102554
0.383000	-0.115658
0.384000	-0.128514
0.385000	-0.141113
0.386000	-0.153443
0.387000	-0.165493
0.388000	-0.177253
0.389000	-0.188713
0.390000	-0.199863
0.391000	-0.210693
0.392000	-0.221194
0.393000	-0.231357
0.394000	-0.241173
0.395000	-0.250635
0.396000	-0.259732
0.397000	-0.268459
0.398000	-0.276808
0.399000	-0.284770
0.400000	-0.292341
0.401000	-0.299512
0.402000	-0.306279
0.403000	-0.312635
0.404000	-0.318576
0.405000	-0.324095
0.406000	-0.329190
0.407000	-0.333855
0.408000	-0.338086
0.409000	-0.341881
0.410000	-0.345236
0.411000	-0.348149
0.412000	-0.350617
0.413000	-0.352639
0.414000	-0.354213
0.415000	-0.355338
0.416000	-0.356014
0.417000	-0.356239
0.418000	-0.356016
0.419000	-0.355343
0.420000	-0.354223
0.421000	-0.352656
0.422000	-0.350644
0.423000	-0.348190
0.424000	-0.345295
0.425000	-0.341964
0.426000	-0.338199
0.427000	-0.334005
0.428000	-0.329384
0.429000	-0.324343
0.430000	-0.318885
0.431000	-0.313016
0.432000	-0.306742
0.433000	-0.300069
0.434000	-0.293002
0.435000	-0.285550
0.436000	-0.277718
0.437000	-0.269515
0.438000	-0.260948
0.439000	-0.252025
0.440000	-0.242754
0.441000	-0.233145
0.442000	-0.223206
0.443000	-0.212946
0.444000	-0.202375
0.445000	-0.191504
0.446000	-0.180342
0.447000	-0.168899
0.448000	-0.157186
0.449000	-0.145215
0.450000	-0.132995
0.451000	-0.120540
0.452000	-0.107859
0.453000	-0.094965
0.454000	-0.081870
0.455000	-0.068586
0.456000	-0.055126
0.457000	-0.041501
0.458000	-0.027724
0.459000	-0.013808
0.460000	0.000233
0.461000	0.014388
0.462000	0.028643
0.463000	0.042984
0.464000	0.057399
0.465000	0.071875
0.466000	0.086397
0.467000	0.100953
0.468000	0.115529
0.469000	0.130112
0.470000	0.144688
0.471000	0.159243
0.472000	0.173765
0.473000	0.188240
0.474000	0.202654
0.475000	0.216995
0.476000	0.231249
0.477000	0.245402
0.478000	0.259442
0.479000	0.273357
0.480000	0.287132
0.481000	0.300755
0.482000	0.314214
0.483000	0.327497
0.484000	0.340590
0.485000	0.353483
0.486000	0.366162
0.487000	0.378617
0.488000	0.390835
0.489000	0.402806
0.490000	0.414518
0.491000	0.425961
0.492000	0.437123
0.493000	0.447995
0.494000	0.458567
0.495000	0.468828
0.496000	0.478769
0.497000	0.488381
0.498000	0.497655
0.499000	0.506582
0.500000	0.515154
0.501000	0.523363
0.502000	0.531201
0.503000	0.538661
0.504000	0.545736
0.505000	0.552418
0.506000	0.558703
0.507000	0.564584
0.508000	0.570054
0.509000	0.575110
0.510000	0.579746
0.511000	0.583958
0.512000	0.587742
0.513000	0.591093
0.514000	0.594009
0.515000	0.596487
0.516000	0.598525
0.517000	0.600119
0.518000	0.601269
0.519000	0.601973
0.520000	0.602230
0.521000	0.602039
0.522000	0.601401
0.523000	0.600316
0.524000	0.598785
0.525000	0.596808
0.526000	0.594387
0.527000	0.591524
0.528000	0.588222
0.529000	0.584482
0.530000	0.580309
0.531000	0.575705
0.532000	0.570675
0.533000	0.565222
0.534000	0.559352
0.535000	0.553069
0.536000	0.546378
0.537000	0.539287
0.538000	0.531799
0.539000	0.523923
0.540000	0.515665
0.541000	0.507031
0.542000	0.498031
0.543000	0.488670
0.544000	0.478958
0.545000	0.468903
0.546000	0.458514
0.547000	0.447800
0.548000	0.436770
0.549000	0.425434
0.550000	0.413802
0.551000	0.401883
0.552000	0.389690
0.553000	0.377231
0.554000	0.364519
0.555000	0.351564
0.556000	0.338378
0.557000	0.324973
0.558000	0.311359
0.559000	0.297550
0.560000	0.283557
0.561000	0.269393
0.562000	0.255070
0.563000	0.240601
0.564000	0.225998
0.565000	0.211275
0.566000	0.196445
0.567000	0.181520
0.568000	0.166514
0.569000	0.151440
0.570000	0.136311
0.571000	0.121141
0.572000	0.105943
0.573000	0.090731
0.574000	0.075518
0.575000	0.060317
0.576000	0.045143
0.577000	0.030007
0.578000	0.014925
0.579000	-0.000092
0.580000	-0.015029
0.581000	-0.029874
0.582000	-0.044613
0.583000	-0.059234
0.584000	-0.073723
0.585000	-0.088067
0.586000	-0.102255
0.587000	-0.116272
0.588000	-0.130108
0.589000	-0.143750
0.590000	-0.157185
0.591000	-0.170402
0.592000	-0.183390
0.593000	-0.196136
0.594000	-0.208629
0.595000	-0.220860
0.596000	-0.232815
0.597000	-0.244486
0.598000	-0.255862
0.599000	-0.266933
0.600000	-0.277689
0.601000	-0.288121
0.602000	-0.298219
0.603000	-0.307975
0.604000	-0.317380
0.605000	-0.326426
0.606000	-0.335105
0.607000	-0.343409
0.608000	-0.351332
0.609000	-0.358865
0.610000	-0.366004
0.611000	-0.372740
0.612000	-0.379069
0.613000	-0.384986
0.614000	-0.390484
0.615000	-0.395560
0.616000	-0.400208
0.617000	-0.404425
0.618000	-0.408208
0.619000	-0.411553
0.620000	-0.414457
0.621000	-0.416919
0.622000	-0.418935
0.623000	-0.420504
0.624000	-0.421626
0.625000	-0.422299
0.626000	-0.422523
0.627000	-0.422298
0.628000	-0.421624
0.629000	-0.420503
0.630000	-0.418935
0.631000	-0.416921
0.632000	-0.414465
0.633000	-0.411569
0.634000	-0.408234
0.635000	-0.404465
0.636000	-0.400265
0.637000	-0.395638
0.638000	-0.390589
0.639000	-0.385121
0.640000	-0.379241
0.641000	-0.372954
0.642000	-0.366265
0.643000	-0.359181
0.644000	-0.351708
0.645000	-0.343854
0.646000	-0.335625
0.647000	-0.327029
0.648000	-0.318075
0.649000	-0.308770
0.650000	-0.299122
0.651000	-0.289142
0.652000	-0.278837
0.653000	-0.268218
0.654000	-0.257294
0.655000	-0.246076
0.656000	-0.234572
0.657000	-0.222795
0.658000	-0.210755
0.659000	-0.198462
0.660000	-0.185929
0.661000	-0.173166
0.662000	-0.160185
0.663000	-0.146999
0.664000	-0.133618
0.665000	-0.120056
0.666000	-0.106325
0.667000	-0.092437
0.668000	-0.078405
0.669000	-0.064242
0.670000	-0.049960
0.671000	-0.035574
0.672000	-0.021095
0.673000	-0.006537
0.674000	0.008086
0.675000	0.022762
0.676000	0.037477
0.677000	0.052217
0.678000	0.066969
0.679000	0.081720
0.680000	0.096455
0.681000	0.111163
0.682000	0.125829
0.683000	0.140440
0.684000	0.154982
0.685000	0.169443
0.686000	0.183808
0.687000	0.198066
0.688000	0.212203
0.689000	0.226206
0.690000	0.240062
0.691000	0.253759
0.692000	0.267285
0.693000	0.280626
0.694000	0.293771
0.695000	0.306708
0.696000	0.319424
0.697000	0.331909
0.698000	0.344151
0.699000	0.356138
0.700000	0.367860
0.701000	0.379307
0.702000	0.390467
0.703000	0.401330
0.704000	0.411886
0.705000	0.422127
0.706000	0.432042
0.707000	0.441622
0.708000	0.450858
0.709000	0.459743
0.710000	0.468267
0.711000	0.476424
0.712000	0.484205
0.713000	0.491603
0.714000	0.498612
0.715000	0.505225
0.716000	0.511437
0.717000	0.517240
0.718000	0.522630
0.719000	0.527602
0.720000	0.532152
0.721000	0.536274
0.722000	0.539965
0.723000	0.543222
0.724000	0.546042
0.725000	0.548421
0.726000	0.550358
0.727000	0.551851
0.728000	0.552898
0.729000	0.553498
0.730000	0.553650
0.731000	0.553355
0.732000	0.552611
0.733000	0.551421
0.734000	0.549783
0.735000	0.547701
0.736000	0.545176
0.737000	0.542209
0.738000	0.538804
0.739000	0.534963
0.740000	0.530690
0.741000	0.525988
0.742000	0.520861
0.743000	0.515314
0.744000	0.509352
0.745000	0.502979
0.746000	0.496203
0.747000	0.489027
0.748000	0.481459
0.749000	0.473506
0.750000	0.465174
0.751000	0.456471
0.752000	0.447404
0.753000	0.437982
0.754000	0.428213
0.755000	0.418105
0.756000	0.407667
0.757000	0.396910
0.758000	0.385841
0.759000	0.374472
0.760000	0.362811
0.761000	0.350870
0.762000	0.338660
0.763000	0.326190
0.764000	0.313472
0.765000	0.300518
0.766000	0.287338
0.767000	0.273945
0.768000	0.260351
0.769000	0.246567
0.770000	0.232606
0.771000	0.218480
0.772000	0.204203
0.773000	0.189785
0.774000	0.175242
0.775000	0.160584
0.776000	0.145827
0.777000	0.130981
0.778000	0.116062
0.779000	0.101082
0.780000	0.086054
0.781000	0.070992
0.782000	0.055910
0.783000	0.040820
0.784000	0.025736
0.785000	0.010672
0.786000	-0.004359
0.787000	-0.019343
0.788000	-0.034268
0.789000	-0.049120
0.790000	-0.063885
0.791000	-0.078550
0.792000	-0.093103
0.793000	-0.107531
0.794000	-0.121820
0.795000	-0.135958
0.796000	-0.149932
0.797000	-0.163730
0.798000	-0.177339
0.799000	-0.190748
0.800000	-0.203944
0.801000	-0.216916
0.802000	-0.229652
0.803000	-0.242141
0.804000	-0.254371
0.805000	-0.266332
0.806000	-0.278014
0.807000	-0.289405
0.808000	-0.300495
0.809000	-0.311276
0.810000	-0.321736
0.811000	-0.331868
0.812000	-0.341661
0.813000	-0.351108
0.814000	-0.360199
0.815000	-0.368927
0.816000	-0.377284
0.817000	-0.385263
0.818000	-0.392856
0.819000	-0.400057
0.820000	-0.406859
0.821000	-0.413257
0.822000	-0.419245
0.823000	-0.424817
0.824000	-0.429969
0.825000	-0.434696
0.826000	-0.438994
0.827000	-0.442859
0.828000	-0.446288
0.829000	-0.449277
0.830000	-0.451826
0.831000	-0.453930
0.832000	-0.455588
0.833000	-0.456800
0.834000	-0.457563
0.835000	-0.457878
0.836000	-0.457744
0.837000	-0.457162
0.838000	-0.456131
0.839000	-0.454654
0.840000	-0.452731
0.841000	-0.450365
0.842000	-0.447557
0.843000	-0.444311
0.844000	-0.440629
0.845000	-0.436514
0.846000	-0.431972
0.847000	-0.427004
0.848000	-0.421618
0.849000	-0.415816
0.850000	-0.409605
0.851000	-0.402990
0.852000	-0.395978
0.853000	-0.388574
0.854000	-0.380786
0.855000	-0.372621
0.856000	-0.364086
0.857000	-0.355188
0.858000	-0.345937
0.859000	-0.336340
0.860000	-0.326406
0.861000	-0.316144
0.862000	-0.305564
0.863000	-0.294675
0.864000	-0.283487
0.865000	-0.272010
0.866000	-0.260255
0.867000	-0.248232
0.868000	-0.235952
0.869000	-0.223427
0.870000	-0.210668
0.871000	-0.197686
0.872000	-0.184493
0.873000	-0.171101
0.874000	-0.157523
0.875000	-0.143770
0.876000	-0.129855
0.877000	-0.115791
0.878000	-0.101590
0.879000	-0.087266
0.880000	-0.072831
0.881000	-0.058298
0.882000	-0.043681
0.883000	-0.028992
0.884000	-0.014246
0.885000	0.000545
0.886000	0.015367
0.887000	0.030206
0.888000	0.045050
0.889000	0.059885
0.890000	0.074697
0.891000	0.089473
0.892000	0.104199
0.893000	0.118862
0.894000	0.133450
0.895000	0.147948
0.896000	0.162343
0.897000	0.176623
0.898000	0.190775
0.899000	0.204785
0.900000	0.218642
0.901000	0.232331
0.902000	0.245842
0.903000	0.259162
0.904000	0.272278
0.905000	0.285179
0.906000	0.297853
0.907000	0.310289
0.908000	0.322475
0.909000	0.334400
0.910000	0.346054
0.911000	0.357426
0.912000	0.368505
0.913000	0.379282
0.914000	0.389747
0.915000	0.399889
0.916000	0.409701
0.917000	0.419173
0.918000	0.428296
0.919000	0.437063
0.920000	0.445465
0.921000	0.453494
0.922000	0.461143
0.923000	0.468406
0.924000	0.475276
0.925000	0.481745
0.926000	0.487810
0.927000	0.493463
0.928000	0.498700
0.929000	0.503516
0.930000	0.507906
0.931000	0.511868
0.932000	0.515395
0.933000	0.518487
0.934000	0.521139
0.935000	0.523350
0.936000	0.525117
0.937000	0.526438
0.938000	0.527313
0.939000	0.527740
0.940000	0.527719
0.941000	0.527250
0.942000	0.526333
0.943000	0.524969
0.944000	0.523159
0.945000	0.520904
0.946000	0.518208
0.947000	0.515071
0.948000	0.511497
0.949000	0.507489
0.950000	0.503050
0.951000	0.498185
0.952000	0.492897
0.953000	0.487191
0.954000	0.481073
0.955000	0.474547
0.956000	0.467620
0.957000	0.460298
0.958000	0.452587
0.959000	0.444494
0.960000	0.436026
0.961000	0.427191
0.962000	0.417997
0.963000	0.408452
0.964000	0.398564
0.965000	0.388342
0.966000	0.377796
0.967000	0.366934
0.968000	0.355767
0.969000	0.344305
0.970000	0.332557
0.971000	0.320534
0.972000	0.308248
0.973000	0.295708
0.974000	0.282926
0.975000	0.269914
0.976000	0.256683
0.977000	0.243245
0.978000	0.229613
0.979000	0.215797
0.980000	0.201811
0.981000	0.187667
0.982000	0.173378
0.983000	0.158957
0.984000	0.144416
0.985000	0.129769
0.986000	0.115028
0.987000	0.100207
0.988000	0.085319
0.989000	0.070378
0.990000	0.055396
0.991000	0.040387
0.992000	0.025366
0.993000	0.010344
0.994000	-0.004664
0.995000	-0.019646
0.996000	-0.034587
0.997000	-0.049474
0.998000	-0.064294
0.999000	-0.079033
1.000000	-0.093679
