
Método de Euler Explícito: 
x	y
0.000000	0.000000
0.001000	0.020000
0.002000	0.039900
0.003000	0.059700
0.004000	0.079402
0.005000	0.099005
0.006000	0.118510
0.007000	0.137917
0.008000	0.157228
0.009000	0.176442
0.010000	0.195559
0.011000	0.214582
0.012000	0.233509
0.013000	0.252341
0.014000	0.271080
0.015000	0.289724
0.016000	0.308276
0.017000	0.326734
0.018000	0.345100
0.019000	0.363375
0.020000	0.381558
0.021000	0.399650
0.022000	0.417652
0.023000	0.435564
0.024000	0.453386
0.025000	0.471119
0.026000	0.488763
0.027000	0.506320
0.028000	0.523788
0.029000	0.541169
0.030000	0.558463
0.031000	0.575671
0.032000	0.592793
0.033000	0.609829
0.034000	0.626779
0.035000	0.643646
0.036000	0.660427
0.037000	0.677125
0.038000	0.693740
0.039000	0.710271
0.040000	0.726720
0.041000	0.743086
0.042000	0.759370
0.043000	0.775574
0.044000	0.791696
0.045000	0.807737
0.046000	0.823699
0.047000	0.839580
0.048000	0.855382
0.049000	0.871105
0.050000	0.886750
0.051000	0.902316
0.052000	0.917804
0.053000	0.933215
0.054000	0.948549
0.055000	0.963807
0.056000	0.978988
0.057000	0.994093
0.058000	1.009122
0.059000	1.024077
0.060000	1.038956
0.061000	1.053761
0.062000	1.068493
0.063000	1.083150
0.064000	1.097734
0.065000	1.112246
0.066000	1.126684
0.067000	1.141051
0.068000	1.155346
0.069000	1.169569
0.070000	1.183721
0.071000	1.197803
0.072000	1.211814
0.073000	1.225755
0.074000	1.239626
0.075000	1.253428
0.076000	1.267160
0.077000	1.280825
0.078000	1.294421
0.079000	1.307948
0.080000	1.321409
0.081000	1.334802
0.082000	1.348128
0.083000	1.361387
0.084000	1.374580
0.085000	1.387707
0.086000	1.400769
0.087000	1.413765
0.088000	1.426696
0.089000	1.439563
0.090000	1.452365
0.091000	1.465103
0.092000	1.477777
0.093000	1.490388
0.094000	1.502937
0.095000	1.515422
0.096000	1.527845
0.097000	1.540206
0.098000	1.552504
0.099000	1.564742
0.100000	1.576918
0.101000	1.589034
0.102000	1.601088
0.103000	1.613083
0.104000	1.625018
0.105000	1.636893
0.106000	1.648708
0.107000	1.660465
0.108000	1.672162
0.109000	1.683801
0.110000	1.695382
0.111000	1.706905
0.112000	1.718371
0.113000	1.729779
0.114000	1.741130
0.115000	1.752425
0.116000	1.763662
0.117000	1.774844
0.118000	1.785970
0.119000	1.797040
0.120000	1.808055
0.121000	1.819015
0.122000	1.829920
0.123000	1.840770
0.124000	1.851566
0.125000	1.862308
0.126000	1.872997
0.127000	1.883632
0.128000	1.894214
0.129000	1.904742
0.130000	1.915219
0.131000	1.925643
0.132000	1.936014
0.133000	1.946334
0.134000	1.956603
0.135000	1.966820
0.136000	1.976986
0.137000	1.987101
0.138000	1.997165
0.139000	2.007179
0.140000	2.017143
0.141000	2.027058
0.142000	2.036922
0.143000	2.046738
0.144000	2.056504
0.145000	2.066222
0.146000	2.075891
0.147000	2.085511
0.148000	2.095084
0.149000	2.104608
0.150000	2.114085
0.151000	2.123515
0.152000	2.132897
0.153000	2.142233
0.154000	2.151521
0.155000	2.160764
0.156000	2.169960
0.157000	2.179110
0.158000	2.188215
0.159000	2.197274
0.160000	2.206287
0.161000	2.215256
0.162000	2.224179
0.163000	2.233059
0.164000	2.241893
0.165000	2.250684
0.166000	2.259430
0.167000	2.268133
0.168000	2.276793
0.169000	2.285409
0.170000	2.293982
0.171000	2.302512
0.172000	2.310999
0.173000	2.319444
0.174000	2.327847
0.175000	2.336208
0.176000	2.344527
0.177000	2.352804
0.178000	2.361040
0.179000	2.369235
0.180000	2.377389
0.181000	2.385502
0.182000	2.393574
0.183000	2.401606
0.184000	2.409598
0.185000	2.417550
0.186000	2.425462
0.187000	2.433335
0.188000	2.441169
0.189000	2.448963
0.190000	2.456718
0.191000	2.464434
0.192000	2.472112
0.193000	2.479752
0.194000	2.487353
0.195000	2.494916
0.196000	2.502441
0.197000	2.509929
0.198000	2.517380
0.199000	2.524793
0.200000	2.532169
0.201000	2.539508
0.202000	2.546810
0.203000	2.554076
0.204000	2.561306
0.205000	2.568499
0.206000	2.575657
0.207000	2.582779
0.208000	2.589865
0.209000	2.596915
0.210000	2.603931
0.211000	2.610911
0.212000	2.617857
0.213000	2.624767
0.214000	2.631643
0.215000	2.638485
0.216000	2.645293
0.217000	2.652066
0.218000	2.658806
0.219000	2.665512
0.220000	2.672184
0.221000	2.678824
0.222000	2.685429
0.223000	2.692002
0.224000	2.698542
0.225000	2.705050
0.226000	2.711524
0.227000	2.717967
0.228000	2.724377
0.229000	2.730755
0.230000	2.737101
0.231000	2.743416
0.232000	2.749699
0.233000	2.755950
0.234000	2.762170
0.235000	2.768359
0.236000	2.774518
0.237000	2.780645
0.238000	2.786742
0.239000	2.792808
0.240000	2.798844
0.241000	2.804850
0.242000	2.810826
0.243000	2.816772
0.244000	2.822688
0.245000	2.828574
0.246000	2.834431
0.247000	2.840259
0.248000	2.846058
0.249000	2.851828
0.250000	2.857568
0.251000	2.863281
0.252000	2.868964
0.253000	2.874619
0.254000	2.880246
0.255000	2.885845
0.256000	2.891416
0.257000	2.896959
0.258000	2.902474
0.259000	2.907962
0.260000	2.913422
0.261000	2.918855
0.262000	2.924260
0.263000	2.929639
0.264000	2.934991
0.265000	2.940316
0.266000	2.945614
0.267000	2.950886
0.268000	2.956132
0.269000	2.961351
0.270000	2.966544
0.271000	2.971712
0.272000	2.976853
0.273000	2.981969
0.274000	2.987059
0.275000	2.992124
0.276000	2.997163
0.277000	3.002177
0.278000	3.007166
0.279000	3.012131
0.280000	3.017070
0.281000	3.021985
0.282000	3.026875
0.283000	3.031740
0.284000	3.036582
0.285000	3.041399
0.286000	3.046192
0.287000	3.050961
0.288000	3.055706
0.289000	3.060427
0.290000	3.065125
0.291000	3.069800
0.292000	3.074451
0.293000	3.079078
0.294000	3.083683
0.295000	3.088265
0.296000	3.092823
0.297000	3.097359
0.298000	3.101872
0.299000	3.106363
0.300000	3.110831
0.301000	3.115277
0.302000	3.119701
0.303000	3.124102
0.304000	3.128482
0.305000	3.132839
0.306000	3.137175
0.307000	3.141489
0.308000	3.145782
0.309000	3.150053
0.310000	3.154303
0.311000	3.158531
0.312000	3.162738
0.313000	3.166925
0.314000	3.171090
0.315000	3.175235
0.316000	3.179358
0.317000	3.183462
0.318000	3.187544
0.319000	3.191607
0.320000	3.195649
0.321000	3.199670
0.322000	3.203672
0.323000	3.207654
0.324000	3.211615
0.325000	3.215557
0.326000	3.219479
0.327000	3.223382
0.328000	3.227265
0.329000	3.231129
0.330000	3.234973
0.331000	3.238798
0.332000	3.242604
0.333000	3.246391
0.334000	3.250159
0.335000	3.253909
0.336000	3.257639
0.337000	3.261351
0.338000	3.265044
0.339000	3.268719
0.340000	3.272375
0.341000	3.276013
0.342000	3.279633
0.343000	3.283235
0.344000	3.286819
0.345000	3.290385
0.346000	3.293933
0.347000	3.297463
0.348000	3.300976
0.349000	3.304471
0.350000	3.307949
0.351000	3.311409
0.352000	3.314852
0.353000	3.318278
0.354000	3.321686
0.355000	3.325078
0.356000	3.328452
0.357000	3.331810
0.358000	3.335151
0.359000	3.338475
0.360000	3.341783
0.361000	3.345074
0.362000	3.348349
0.363000	3.351607
0.364000	3.354849
0.365000	3.358075
0.366000	3.361284
0.367000	3.364478
0.368000	3.367656
0.369000	3.370817
0.370000	3.373963
0.371000	3.377093
0.372000	3.380208
0.373000	3.383307
0.374000	3.386390
0.375000	3.389458
0.376000	3.392511
0.377000	3.395549
0.378000	3.398571
0.379000	3.401578
0.380000	3.404570
0.381000	3.407547
0.382000	3.410509
0.383000	3.413457
0.384000	3.416390
0.385000	3.419308
0.386000	3.422211
0.387000	3.425100
0.388000	3.427975
0.389000	3.430835
0.390000	3.433681
0.391000	3.436512
0.392000	3.439330
0.393000	3.442133
0.394000	3.444922
0.395000	3.447698
0.396000	3.450459
0.397000	3.453207
0.398000	3.455941
0.399000	3.458661
0.400000	3.461368
0.401000	3.464061
0.402000	3.466741
0.403000	3.469407
0.404000	3.472060
0.405000	3.474700
0.406000	3.477326
0.407000	3.479940
0.408000	3.482540
0.409000	3.485127
0.410000	3.487701
0.411000	3.490263
0.412000	3.492812
0.413000	3.495348
0.414000	3.497871
0.415000	3.500382
0.416000	3.502880
0.417000	3.505365
0.418000	3.507838
0.419000	3.510299
0.420000	3.512748
0.421000	3.515184
0.422000	3.517608
0.423000	3.520020
0.424000	3.522420
0.425000	3.524808
0.426000	3.527184
0.427000	3.529548
0.428000	3.531900
0.429000	3.534241
0.430000	3.536569
0.431000	3.538887
0.432000	3.541192
0.433000	3.543486
0.434000	3.545769
0.435000	3.548040
0.436000	3.550300
0.437000	3.552548
0.438000	3.554785
0.439000	3.557012
0.440000	3.559226
0.441000	3.561430
0.442000	3.563623
0.443000	3.565805
0.444000	3.567976
0.445000	3.570136
0.446000	3.572285
0.447000	3.574424
0.448000	3.576552
0.449000	3.578669
0.450000	3.580776
0.451000	3.582872
0.452000	3.584958
0.453000	3.587033
0.454000	3.589098
0.455000	3.591152
0.456000	3.593196
0.457000	3.595230
0.458000	3.597254
0.459000	3.599268
0.460000	3.601272
0.461000	3.603265
0.462000	3.605249
0.463000	3.607223
0.464000	3.609187
0.465000	3.611141
0.466000	3.613085
0.467000	3.615020
0.468000	3.616944
0.469000	3.618860
0.470000	3.620765
0.471000	3.622662
0.472000	3.624548
0.473000	3.626426
0.474000	3.628293
0.475000	3.630152
0.476000	3.632001
0.477000	3.633841
0.478000	3.635672
0.479000	3.637494
0.480000	3.639306
0.481000	3.641110
0.482000	3.642904
0.483000	3.644690
0.484000	3.646466
0.485000	3.648234
0.486000	3.649993
0.487000	3.651743
0.488000	3.653484
0.489000	3.655216
0.490000	3.656940
0.491000	3.658656
0.492000	3.660362
0.493000	3.662061
0.494000	3.663750
0.495000	3.665432
0.496000	3.667104
0.497000	3.668769
0.498000	3.670425
0.499000	3.672073
0.500000	3.673713
0.501000	3.675344
0.502000	3.676967
0.503000	3.678582
0.504000	3.680190
0.505000	3.681789
0.506000	3.683380
0.507000	3.684963
0.508000	3.686538
0.509000	3.688105
0.510000	3.689665
0.511000	3.691216
0.512000	3.692760
0.513000	3.694296
0.514000	3.695825
0.515000	3.697346
0.516000	3.698859
0.517000	3.700365
0.518000	3.701863
0.519000	3.703354
0.520000	3.704837
0.521000	3.706313
0.522000	3.707781
0.523000	3.709242
0.524000	3.710696
0.525000	3.712143
0.526000	3.713582
0.527000	3.715014
0.528000	3.716439
0.529000	3.717857
0.530000	3.719267
0.531000	3.720671
0.532000	3.722068
0.533000	3.723457
0.534000	3.724840
0.535000	3.726216
0.536000	3.727585
0.537000	3.728947
0.538000	3.730302
0.539000	3.731651
0.540000	3.732992
0.541000	3.734327
0.542000	3.735656
0.543000	3.736978
0.544000	3.738293
0.545000	3.739601
0.546000	3.740903
0.547000	3.742199
0.548000	3.743488
0.549000	3.744770
0.550000	3.746046
0.551000	3.747316
0.552000	3.748580
0.553000	3.749837
0.554000	3.751087
0.555000	3.752332
0.556000	3.753570
0.557000	3.754803
0.558000	3.756029
0.559000	3.757248
0.560000	3.758462
0.561000	3.759670
0.562000	3.760871
0.563000	3.762067
0.564000	3.763257
0.565000	3.764441
0.566000	3.765618
0.567000	3.766790
0.568000	3.767956
0.569000	3.769116
0.570000	3.770271
0.571000	3.771420
0.572000	3.772562
0.573000	3.773700
0.574000	3.774831
0.575000	3.775957
0.576000	3.777077
0.577000	3.778192
0.578000	3.779301
0.579000	3.780404
0.580000	3.781502
0.581000	3.782595
0.582000	3.783682
0.583000	3.784763
0.584000	3.785840
0.585000	3.786910
0.586000	3.787976
0.587000	3.789036
0.588000	3.790091
0.589000	3.791140
0.590000	3.792185
0.591000	3.793224
0.592000	3.794258
0.593000	3.795286
0.594000	3.796310
0.595000	3.797328
0.596000	3.798342
0.597000	3.799350
0.598000	3.800353
0.599000	3.801351
0.600000	3.802345
0.601000	3.803333
0.602000	3.804316
0.603000	3.805295
0.604000	3.806268
0.605000	3.807237
0.606000	3.808201
0.607000	3.809160
0.608000	3.810114
0.609000	3.811063
0.610000	3.812008
0.611000	3.812948
0.612000	3.813883
0.613000	3.814814
0.614000	3.815740
0.615000	3.816661
0.616000	3.817578
0.617000	3.818490
0.618000	3.819397
0.619000	3.820300
0.620000	3.821199
0.621000	3.822093
0.622000	3.822982
0.623000	3.823868
0.624000	3.824748
0.625000	3.825625
0.626000	3.826496
0.627000	3.827364
0.628000	3.828227
0.629000	3.829086
0.630000	3.829941
0.631000	3.830791
0.632000	3.831637
0.633000	3.832479
0.634000	3.833316
0.635000	3.834150
0.636000	3.834979
0.637000	3.835804
0.638000	3.836625
0.639000	3.837442
0.640000	3.838255
0.641000	3.839063
0.642000	3.839868
0.643000	3.840669
0.644000	3.841465
0.645000	3.842258
0.646000	3.843047
0.647000	3.843832
0.648000	3.844612
0.649000	3.845389
0.650000	3.846162
0.651000	3.846932
0.652000	3.847697
0.653000	3.848458
0.654000	3.849216
0.655000	3.849970
0.656000	3.850720
0.657000	3.851467
0.658000	3.852209
0.659000	3.852948
0.660000	3.853684
0.661000	3.854415
0.662000	3.855143
0.663000	3.855867
0.664000	3.856588
0.665000	3.857305
0.666000	3.858018
0.667000	3.858728
0.668000	3.859435
0.669000	3.860138
0.670000	3.860837
0.671000	3.861533
0.672000	3.862225
0.673000	3.862914
0.674000	3.863599
0.675000	3.864281
0.676000	3.864960
0.677000	3.865635
0.678000	3.866307
0.679000	3.866975
0.680000	3.867641
0.681000	3.868302
0.682000	3.868961
0.683000	3.869616
0.684000	3.870268
0.685000	3.870917
0.686000	3.871562
0.687000	3.872204
0.688000	3.872843
0.689000	3.873479
0.690000	3.874112
0.691000	3.874741
0.692000	3.875367
0.693000	3.875991
0.694000	3.876611
0.695000	3.877227
0.696000	3.877841
0.697000	3.878452
0.698000	3.879060
0.699000	3.879665
0.700000	3.880266
0.701000	3.880865
0.702000	3.881461
0.703000	3.882053
0.704000	3.882643
0.705000	3.883230
0.706000	3.883814
0.707000	3.884395
0.708000	3.884973
0.709000	3.885548
0.710000	3.886120
0.711000	3.886689
0.712000	3.887256
0.713000	3.887820
0.714000	3.888381
0.715000	3.888939
0.716000	3.889494
0.717000	3.890047
0.718000	3.890596
0.719000	3.891143
0.720000	3.891688
0.721000	3.892229
0.722000	3.892768
0.723000	3.893304
0.724000	3.893838
0.725000	3.894368
0.726000	3.894897
0.727000	3.895422
0.728000	3.895945
0.729000	3.896465
0.730000	3.896983
0.731000	3.897498
0.732000	3.898011
0.733000	3.898521
0.734000	3.899028
0.735000	3.899533
0.736000	3.900035
0.737000	3.900535
0.738000	3.901032
0.739000	3.901527
0.740000	3.902019
0.741000	3.902509
0.742000	3.902997
0.743000	3.903482
0.744000	3.903964
0.745000	3.904445
0.746000	3.904922
0.747000	3.905398
0.748000	3.905871
0.749000	3.906341
0.750000	3.906810
0.751000	3.907276
0.752000	3.907739
0.753000	3.908201
0.754000	3.908660
0.755000	3.909116
0.756000	3.909571
0.757000	3.910023
0.758000	3.910473
0.759000	3.910920
0.760000	3.911366
0.761000	3.911809
0.762000	3.912250
0.763000	3.912689
0.764000	3.913125
0.765000	3.913560
0.766000	3.913992
0.767000	3.914422
0.768000	3.914850
0.769000	3.915275
0.770000	3.915699
0.771000	3.916121
0.772000	3.916540
0.773000	3.916957
0.774000	3.917373
0.775000	3.917786
0.776000	3.918197
0.777000	3.918606
0.778000	3.919013
0.779000	3.919418
0.780000	3.919821
0.781000	3.920221
0.782000	3.920620
0.783000	3.921017
0.784000	3.921412
0.785000	3.921805
0.786000	3.922196
0.787000	3.922585
0.788000	3.922972
0.789000	3.923357
0.790000	3.923741
0.791000	3.924122
0.792000	3.924501
0.793000	3.924879
0.794000	3.925254
0.795000	3.925628
0.796000	3.926000
0.797000	3.926370
0.798000	3.926738
0.799000	3.927104
0.800000	3.927469
0.801000	3.927832
0.802000	3.928192
0.803000	3.928551
0.804000	3.928909
0.805000	3.929264
0.806000	3.929618
0.807000	3.929970
0.808000	3.930320
0.809000	3.930668
0.810000	3.931015
0.811000	3.931360
0.812000	3.931703
0.813000	3.932044
0.814000	3.932384
0.815000	3.932722
0.816000	3.933059
0.817000	3.933393
0.818000	3.933726
0.819000	3.934058
0.820000	3.934388
0.821000	3.934716
0.822000	3.935042
0.823000	3.935367
0.824000	3.935690
0.825000	3.936012
0.826000	3.936331
0.827000	3.936650
0.828000	3.936967
0.829000	3.937282
0.830000	3.937595
0.831000	3.937907
0.832000	3.938218
0.833000	3.938527
0.834000	3.938834
0.835000	3.939140
0.836000	3.939444
0.837000	3.939747
0.838000	3.940048
0.839000	3.940348
0.840000	3.940646
0.841000	3.940943
0.842000	3.941238
0.843000	3.941532
0.844000	3.941824
0.845000	3.942115
0.846000	3.942405
0.847000	3.942693
0.848000	3.942979
0.849000	3.943264
0.850000	3.943548
0.851000	3.943830
0.852000	3.944111
0.853000	3.944391
0.854000	3.944669
0.855000	3.944945
0.856000	3.945221
0.857000	3.945495
0.858000	3.945767
0.859000	3.946038
0.860000	3.946308
0.861000	3.946576
0.862000	3.946844
0.863000	3.947109
0.864000	3.947374
0.865000	3.947637
0.866000	3.947899
0.867000	3.948159
0.868000	3.948418
0.869000	3.948676
0.870000	3.948933
0.871000	3.949188
0.872000	3.949442
0.873000	3.949695
0.874000	3.949947
0.875000	3.950197
0.876000	3.950446
0.877000	3.950694
0.878000	3.950940
0.879000	3.951186
0.880000	3.951430
0.881000	3.951673
0.882000	3.951914
0.883000	3.952155
0.884000	3.952394
0.885000	3.952632
0.886000	3.952869
0.887000	3.953104
0.888000	3.953339
0.889000	3.953572
0.890000	3.953804
0.891000	3.954035
0.892000	3.954265
0.893000	3.954494
0.894000	3.954721
0.895000	3.954948
0.896000	3.955173
0.897000	3.955397
0.898000	3.955620
0.899000	3.955842
0.900000	3.956063
0.901000	3.956282
0.902000	3.956501
0.903000	3.956719
0.904000	3.956935
0.905000	3.957150
0.906000	3.957365
0.907000	3.957578
0.908000	3.957790
0.909000	3.958001
0.910000	3.958211
0.911000	3.958420
0.912000	3.958628
0.913000	3.958835
0.914000	3.959040
0.915000	3.959245
0.916000	3.959449
0.917000	3.959652
0.918000	3.959853
0.919000	3.960054
0.920000	3.960254
0.921000	3.960453
0.922000	3.960650
0.923000	3.960847
0.924000	3.961043
0.925000	3.961238
0.926000	3.961431
0.927000	3.961624
0.928000	3.961816
0.929000	3.962007
0.930000	3.962197
0.931000	3.962386
0.932000	3.962574
0.933000	3.962761
0.934000	3.962948
0.935000	3.963133
0.936000	3.963317
0.937000	3.963501
0.938000	3.963683
0.939000	3.963865
0.940000	3.964045
0.941000	3.964225
0.942000	3.964404
0.943000	3.964582
0.944000	3.964759
0.945000	3.964935
0.946000	3.965111
0.947000	3.965285
0.948000	3.965459
0.949000	3.965631
0.950000	3.965803
0.951000	3.965974
0.952000	3.966144
0.953000	3.966313
0.954000	3.966482
0.955000	3.966650
0.956000	3.966816
0.957000	3.966982
0.958000	3.967147
0.959000	3.967312
0.960000	3.967475
0.961000	3.967638
0.962000	3.967799
0.963000	3.967960
0.964000	3.968121
0.965000	3.968280
0.966000	3.968439
0.967000	3.968596
0.968000	3.968753
0.969000	3.968910
0.970000	3.969065
0.971000	3.969220
0.972000	3.969374
0.973000	3.969527
0.974000	3.969679
0.975000	3.969831
0.976000	3.969982
0.977000	3.970132
0.978000	3.970281
0.979000	3.970430
0.980000	3.970578
0.981000	3.970725
0.982000	3.970871
0.983000	3.971017
0.984000	3.971162
0.985000	3.971306
0.986000	3.971449
0.987000	3.971592
0.988000	3.971734
0.989000	3.971875
0.990000	3.972016
0.991000	3.972156
0.992000	3.972295
0.993000	3.972434
0.994000	3.972571
0.995000	3.972709
0.996000	3.972845
0.997000	3.972981
0.998000	3.973116
0.999000	3.973250
1.000000	3.973384
